appearance {
 -face
 +edge
 +shadelines
 linewidth 4
}
LIST 
{ = VECT 
62 124 62
2 2 2 2 2 2 2 2 2 2 2 2 2 2 2 2 2 2 2 2 2 2 2 2 2 2 2 2 2 2 2 2 2 2 2 2 2 2 2 2 2 2 2 2 2 2 2 2 2 2 2 2 2 2 2 2 2 2 2 2 2 2 
1 1 1 1 1 1 1 1 1 1 1 1 1 1 1 1 1 1 1 1 1 1 1 1 1 1 1 1 1 1 1 1 1 1 1 1 1 1 1 1 1 1 1 1 1 1 1 1 1 1 1 1 1 1 1 1 1 1 1 1 1 1 
-9 9 -9 0 9 -9 
-9 9 -9 -9 9 -9 
-9 9 -9 -9 9 2.500000000000002 
-9 9 -9 -9 -2.500000000000002 -9 
0 9 -9 0 9 -6.499999999999997 
0 9 -9 2.500000000000002 9 -9 
0 9 -9 0 -9 -9 
9 9 9 -9 9 9 
9 9 9 9 9 -9 
9 9 9 9 9 9 
9 9 9 9 -9 9 
-9 9 9 -9 9 -9 
-9 9 9 -9 -9 9 
-9 9 9 -9.000000000000002 9.000000000000002 9.000000000000002 
-9 9 -9 9 9 -9 
-9 9 -9 -9 -9 -9 
9 9 -9 9.000000000000002 9.000000000000002 -9.000000000000002 
9 9 -9 9 -9 -9 
0 9 -6.499999999999997 2.500000000000002 9 -9 
0 9 -6.499999999999997 0 0 2.500000000000001 
0 9 -6.499999999999997 -4.500000000000001 9.000000000000002 7.000000000000002 
9 9 9 9.000000000000002 9.000000000000002 -9.000000000000002 
9 9 9 9.000000000000002 -9.000000000000002 9.000000000000002 
9 9 9 -4.5 9 9 
9 2.500000000000002 -9 9.000000000000002 9.000000000000002 -9.000000000000002 
9 2.500000000000002 -9 2.500000000000002 9 -9 
9 2.500000000000002 -9 9 -9 -9 
9 2.500000000000002 -9 9 -9 2.500000000000002 
9.000000000000002 9.000000000000002 -9.000000000000002 2.500000000000002 9 -9 
9 -9 -9 0 -9 -9 
9 -9 -9 9 -9 -9 
9 -9 -9 9 -9 2.500000000000002 
0 -9 -9 0 -9 -6.499999999999997 
0 -9 -9 -2.500000000000002 -9 -9 
-9 -9 -9 9 -9 -9 
-9 -9 -9 -9 -9 9 
-9 -9 -9 -9.000000000000002 -9.000000000000002 -9.000000000000002 
9 -9 -9 9 -9 9 
-9 -9 9 9 -9 9 
-9 -9 9 -9 -9 9 
9 -9 9 9.000000000000002 -9.000000000000002 9.000000000000002 
9.000000000000002 -9.000000000000002 9.000000000000002 9 -9 2.500000000000002 
9.000000000000002 -9.000000000000002 9.000000000000002 4.5 -9 9 
9 -9 2.500000000000002 4.500000000000001 -9.000000000000002 7.000000000000002 
4.5 -9 9 4.500000000000001 -9.000000000000002 7.000000000000002 
4.5 -9 9 -4.5 9 9 
4.5 -9 9 -9 -9 9 
4.500000000000001 -9.000000000000002 7.000000000000002 0 0 2.500000000000001 
4.500000000000001 -9.000000000000002 7.000000000000002 0 -9 -6.499999999999997 
0 0 2.500000000000001 0 -9 -6.499999999999997 
0 0 2.500000000000001 -4.500000000000001 9.000000000000002 7.000000000000002 
0 -9 -6.499999999999997 -2.500000000000002 -9 -9 
-4.5 9 9 -4.500000000000001 9.000000000000002 7.000000000000002 
-4.5 9 9 -9.000000000000002 9.000000000000002 9.000000000000002 
-4.500000000000001 9.000000000000002 7.000000000000002 -9 9 2.500000000000002 
-9 -9 9 -9.000000000000002 9.000000000000002 9.000000000000002 
-9 -9 9 -9.000000000000002 -9.000000000000002 -9.000000000000002 
-9.000000000000002 9.000000000000002 9.000000000000002 -9 9 2.500000000000002 
-9 9 2.500000000000002 -9 -2.500000000000002 -9 
-9 -2.500000000000002 -9 -9.000000000000002 -9.000000000000002 -9.000000000000002 
-9 -2.500000000000002 -9 -2.500000000000002 -9 -9 
-9.000000000000002 -9.000000000000002 -9.000000000000002 -2.500000000000002 -9 -9 
0.85227171595125 0.887492218145297 0.618876098693487 0.084093123065891 
0.186898194381758 0.596817983532659 0.713696728131563 0.714624607976553 
0.85258198645025 0.708054299292371 0.67589761853905 0.191267979088913 
0.125704211678556 0.437025810440687 0.510983767759623 0.205523921031379 
0.451307451091285 0.292931014088964 0.562601758231221 0.3354970378141 
0.920658596625703 0.27716258312698 0.934330309311601 0.0329178438807034 
0.6067426737138 0.0371478940926977 0.266264333484383 0.332758912021326 
0.14319450539897 0.0773675904204794 0.742196682312905 0.0360653048712081 
0.0648235543673117 0.930189901175794 0.711369034854908 0.395523377900709 
0.69365342307238 0.468214984456708 0.575536605128004 0.0189953193905339 
0.305039124212303 0.939058336370977 0.0520408386241051 0.666913449380083 
0.0738251666795016 0.480141863382315 0.714405343310428 0.363847397477223 
0.838673548245826 0.747957120360439 0.92448327052541 0.172142881224438 
0.0697557181697626 0.311894031366748 0.198334538179804 0.626321974929191 
0.94522428311743 0.821191697561005 0.438868985206437 0.131595555985463 
0.0776414907754095 0.874592219124182 0.772052074766574 0.159658104238865 
0.953350149801057 0.491215378258602 0.343453436816514 0.291827272379301 
0.404261444804735 0.0989981106488216 0.974570670765015 0.666094704183102 
0.599460893388514 0.790359495745179 0.103251728610342 0.173934515170664 
0.878281281377202 0.0257860843667146 0.702364180635183 0.458560729396019 
0.830067614770147 0.0426353179111914 0.601439041958383 0.913148849141415 
0.0198967551160827 0.512103139407188 0.746295921494404 0.130378683752859 
0.653271271468359 0.811097215246775 0.793705357654613 0.669179642221742 
0.833665959314249 0.982426040197041 0.127158639938951 0.277054963893015 
0.290274257389573 0.656608149704738 0.924115494912268 0.42374188536207 
0.0130132495887274 0.0277012750806165 0.536131051436509 0.891769581710342 
0.929557883760285 0.305450111378491 0.845595805938199 0.349869939223801 
0.974770284539648 0.813979987168878 0.824151196430076 0.0649668771388789 
0.844376396012823 0.24607369244805 0.578989176476465 0.837032100267045 
0.678252474429218 0.200236598120611 0.278152169793909 0.658487895062102 
0.498475973886432 0.479382550347225 0.491690295211793 0.686724941313436 
0.625751941396334 0.184786408058883 0.372301092782148 0.695974162673842 
0.535454974509324 0.132300074605126 0.380193467423521 0.955140444162176 
0.789960907222468 0.800694017325881 0.788827509110742 0.313811666118987 
0.223939490727307 0.910967134315115 0.300455560780659 0.412663004337425 
0.468722237164446 0.86279097827925 0.765722699313297 0.250672887742091 
0.0137561094446177 0.917771345684315 0.205796983668687 0.614367450545167 
0.228636680869744 0.032397647833065 0.247536720011478 0.0187538277720236 
0.34754156724259 0.185509861616822 0.324133908938716 0.131353283917669 
0.166439163889937 0.510570773946554 0.890695287240586 0.0960919967707738 
0.767736813041783 0.392339247783724 0.734655268469634 0.579664404623664 
0.690689295807903 0.296674911763702 0.706203935470935 0.706890427674544 
0.660670800073181 0.612767572133066 0.788628356433872 0.701707655922384 
0.90620407349444 0.356302327606855 0.0103021964656556 0.015561818755252 
0.687447141924114 0.632795397292881 0.859837191657402 0.904497578239564 
0.469793570509882 0.231042611527457 0.39757585461555 0.850245981330566 
0.0656045799245 0.311413927820411 0.407228101964602 0.339718828343543 
0.47824321616638 0.592329781617039 0.651230647891619 0.392842828550606 
0.386030021639048 0.706020126750644 0.485657305898609 0.822511781199587 
0.548119080266435 0.992571225781589 0.861676096055898 0.625142204089421 
0.576360722731042 0.195910178397298 0.650205579707784 0.629050894580566 
0.751855392033338 0.598989389182421 0.537263450271208 0.704420912069388 
0.955119996963337 0.635864236859362 0.665345409988912 0.48739947901209 
0.485716334249123 0.00908367804667876 0.159967070750465 0.856916372046634 
0.0600886516021752 0.650936962186336 0.552316344877777 0.881788578130262 
0.662606966115664 0.34134661305059 0.463993851586164 0.823875385385627 
0.0799221579894756 0.543919908655283 0.286384569177709 0.127381727030134 
0.846340940854549 0.670844827978598 0.696750624400661 0.372415561851049 
0.26978137954919 0.928543392112829 0.890233041316758 0.540751418683023 
0.0738554965613396 0.536502071861506 0.259294784957884 0.892226017745081 
0.689752491993378 0.124337025835217 0.760548842524098 0.430707171000797 
0.147997011329853 0.685397935296734 0.417338699377094 0.639173019418216 
}
{ = VECT
6 12 1
2 2 2 2 2 2 
1 0 0 0 0 0 
1 0 0 2 1 1 
-1 0 0 2 1 1 
-2 -1 1 2 1 1 
-1 0 0 1 0 0 
-2 -1 1 1 0 0 
-2 -1 1 -1 0 0 
0.969089542993604 0.553169676859568 0.8119447011163 0.564779149625259 
}
