LIST 
{ = VECT 
60 120 60
2 2 2 2 2 2 2 2 2 2 2 2 2 2 2 2 2 2 2 2 2 2 2 2 2 2 2 2 2 2 2 2 2 2 2 2 2 2 2 2 2 2 2 2 2 2 2 2 2 2 2 2 2 2 2 2 2 2 2 2 
1 1 1 1 1 1 1 1 1 1 1 1 1 1 1 1 1 1 1 1 1 1 1 1 1 1 1 1 1 1 1 1 1 1 1 1 1 1 1 1 1 1 1 1 1 1 1 1 1 1 1 1 1 1 1 1 1 1 1 1 
-3 4 5 5 4 5 
-3 4 5 -3 -4 5 
-3 4 5 -3.000000000000001 4.000000000000001 5 
-3 4 5 -3 4 -5 
5 4 5 5 -4 5 
5 4 5 5 4 5 
5 4 5 5 4 -5 
-3 -4 5 5 -4 5 
-3 -4 5 -3.000000000000001 -4.000000000000001 5 
-3 -4 5 -3 -4 -5 
5 -4 5 5 -4 5 
5 -4 5 5 -4 -5 
-3.000000000000001 4.000000000000001 5 0.5000000000000007 4 5 
-3.000000000000001 4.000000000000001 5 -3.000000000000001 -4.000000000000001 5 
-3.000000000000001 4.000000000000001 5 -3.000000000000001 4.000000000000001 -5 
0.5000000000000007 4 5 4.541304347826087 4 5 
0.5000000000000007 4 5 0.5000000000000006 -0.6475000000000001 5 
0.5000000000000007 4 5 0.5000000000000007 4 -5 
-3.000000000000001 -4.000000000000001 5 -1.531818181818181 -4 5 
-3.000000000000001 -4.000000000000001 5 -3.000000000000001 -4.000000000000001 -5 
5 -4 5 5 4 5 
5 -4 5 -1.531818181818181 -4 5 
5 -4 5 5 -4 -5 
5 4 3.945 5 4 5 
5 4 3.945 4.541304347826087 4 5 
5 4 3.945 5 4 -4.999999999999999 
5 4 3.945 5 3 1.945000000000001 
5 4 5 4.541304347826087 4 5 
4.541304347826087 4 5 0.5000000000000006 -0.6475000000000001 5 
-1.531818181818181 -4 5 0.5000000000000006 -0.6475000000000001 5 
-1.531818181818181 -4 5 -0.7499999999999994 -4 2.420000000000001 
0.5000000000000006 -0.6475000000000001 5 0.5000000000000008 -1.499999999999999 3.295 
-3 4 -5 5 4 -5 
-3 4 -5 -3 -4 -5 
-3 4 -5 -3.000000000000001 4.000000000000001 -5 
5 4 -5 5 -4 -5 
5 4 -5 5 4 -4.999999999999999 
-3 -4 -5 5 -4 -5 
-3 -4 -5 -3.000000000000001 -4.000000000000001 -5 
5 -4 -5 5 -4 -5 
0.5000000000000007 4 -5 5 4 -4.999999999999999 
0.5000000000000007 4 -5 -3.000000000000001 4.000000000000001 -5 
0.5000000000000007 4 -5 0.5000000000000007 -1.499999999999999 -5.000000000000001 
5 4 -4.999999999999999 5 3 -5 
-3.000000000000001 4.000000000000001 -5 -3.000000000000001 -4.000000000000001 -5 
-3.000000000000001 -4.000000000000001 -5 -0.75 -4 -5.000000000000001 
5 -4 -5 4.957692307692308 -4 -4.999999999999999 
5 -4 -5 5 -3.945 -4.999999999999999 
4.957692307692308 -4 -4.999999999999999 -0.7499999999999994 -4 2.420000000000001 
4.957692307692308 -4 -4.999999999999999 -0.75 -4 -5.000000000000001 
4.957692307692308 -4 -4.999999999999999 5 -3.945 -4.999999999999999 
-0.7499999999999994 -4 2.420000000000001 0.5000000000000008 -1.499999999999999 3.295 
-0.7499999999999994 -4 2.420000000000001 -0.75 -4 -5.000000000000001 
0.5000000000000008 -1.499999999999999 3.295 0.5000000000000007 -1.499999999999999 -5.000000000000001 
0.5000000000000008 -1.499999999999999 3.295 5 3 1.945000000000001 
-0.75 -4 -5.000000000000001 0.5000000000000007 -1.499999999999999 -5.000000000000001 
0.5000000000000007 -1.499999999999999 -5.000000000000001 5 3 -5 
5 3 1.945000000000001 5 3 -5 
5 3 1.945000000000001 5 -3.945 -4.999999999999999 
5 3 -5 5 -3.945 -4.999999999999999 
0.920301062361435 0.156618350741581 0.587982719336775 0.933166179663154 
0.800378146244004 0.809131002737544 0.293041878516615 0.453625476494459 
0.111118700113739 0.749861087010459 0.0658879692362397 0.578036935291927 
0.863074757188759 0.702661278972087 0.477510989949675 0.892602244712286 
0.518815525080587 0.554905811207419 0.580017377220837 0.813761045997133 
0.215119141454029 0.470861578407991 0.764455714299086 0.853044955274662 
0.132157902859237 0.467891946491648 0.324998443575264 0.924838242722707 
0.0201838350983969 0.682651097100759 0.230283768785565 0.572665295317329 
0.0268699415070195 0.354906627586928 0.110889199676205 0.268528951072831 
0.234228609328699 0.835684675662478 0.738681415718897 0.62552707026699 
0.264670286442229 0.325666609627547 0.73373661887528 0.324641365639401 
0.0811654735613168 0.226405881966357 0.0253466208479232 0.301011611451251 
0.644639123169728 0.86382954864726 0.806138880226239 0.662593953101471 
0.43879150837849 0.359117771158409 0.646488881937582 0.464893207207091 
0.392761335096882 0.780517905664453 0.827260947947007 0.770119839174789 
0.367808131895277 0.63067410617937 0.25267409671363 0.948941793815997 
0.895999576205444 0.692990288816617 0.925073242007226 0.399893596989564 
0.115378215552784 0.278370384500008 0.506038151815655 0.368009205093891 
0.0140088308450323 0.746996610497263 0.0131534877319091 0.333525016974569 
0.929555277853286 0.610840579272931 0.971588226899026 0.147344341963951 
0.334611845413807 0.599204998948409 0.0702121448118298 0.236778500825729 
0.932051797052868 0.355242065604031 0.482256120526383 0.457921685840482 
0.978412629191983 0.255189966261753 0.872572128611278 0.585540784637296 
0.114196496327214 0.548737765146669 0.802563216989309 0.703856642151941 
0.203433034093795 0.218822897241665 0.788153849163802 0.478973758773755 
0.244563267426162 0.77826110472175 0.897202025700803 0.183520262831244 
0.112415235603553 0.55050748608312 0.175086905746564 0.524453214560573 
0.106637211332657 0.7297759471668 0.748534537299175 0.554754959101494 
0.223440749661396 0.854554310317695 0.518890087423937 0.878308410371922 
0.0210160869417173 0.946720215117168 0.460952953103995 0.774631878385229 
0.528774432764383 0.920090293980763 0.689231642450959 0.957041412193497 
0.049028271275052 0.417048490922483 0.340243657064715 0.255479681665342 
0.937349725048538 0.725250374452997 0.600602091927282 0.295619226238564 
0.623281147246946 0.109265438401493 0.742540611842596 0.081453520125784 
0.673069208617481 0.78100024992932 0.120802175592228 0.522595803695346 
0.605536647497036 0.860068454638409 0.750149673166558 0.263702072400172 
0.28410236588326 0.33879064696842 0.28696883015159 0.446235060183888 
0.933443495305614 0.0796945225238659 0.150470629103577 0.177229566256436 
0.407620235185025 0.815345110075953 0.76093241302679 0.801470115000519 
0.0850384961070638 0.585792797243656 0.769439083384267 0.51883877104563 
0.329914473451144 0.89823487777457 0.98401869691703 0.294448017728037 
0.563562045617079 0.502621022418325 0.942355614424255 0.353080009743017 
0.683606148170416 0.187495972113879 0.675979473065052 0.199573292289735 
0.485015833089268 0.569590434096781 0.792664954181983 0.0719203019095787 
0.331657393437983 0.901395191073476 0.163555913617142 0.91337769102541 
0.137023530716778 0.391660373307033 0.0331932434935673 0.383885811402045 
0.602156877341574 0.128553255812164 0.52124915596799 0.550207613867464 
0.0699380726945726 0.133810390367174 0.204546733025321 0.769719835159599 
0.558357840453713 0.343984927216496 0.660192884481045 0.876634710195226 
0.879771939957966 0.912794186659752 0.621820611484591 0.194137631895352 
0.915205277695495 0.42321746870175 0.310592997474981 0.624659243445628 
0.34740967911306 0.671606302072647 0.81346195522951 0.247048452020742 
0.546596648337587 0.186500394718479 0.309019759866896 0.498189861058343 
0.00969469657470157 0.635569018809562 0.905076105918308 0.30265419263096 
0.266878311404046 0.584221006917744 0.723908154362885 0.992947474833535 
0.555365181427579 0.543673514773289 0.226161095338792 0.731123163879538 
0.715587696244601 0.994991782428173 0.130942456586592 0.48685501928032 
0.662446823026091 0.724785862224834 0.399200049058631 0.675076515570218 
0.726209030541018 0.749477241197951 0.784571372036378 0.926138918034077 
0.0235928018486113 0.745555029921562 0.308236813037066 0.411913935294244 
}
{ = VECT
6 12 1
2 2 2 2 2 2 
1 0 0 0 0 0 
1 0 0 0 0 0 
2 -1 0 0 0 0 
3.3 -2 1 0 0 0 
2 -1 0 1 0 0 
3.3 -2 1 1 0 0 
3.3 -2 1 2 -1 0 
0.517718260513167 0.915879481854887 0.522720385261731 0.831782150920738 
}
