LIST 
{ = VECT 
60 120 60
2 2 2 2 2 2 2 2 2 2 2 2 2 2 2 2 2 2 2 2 2 2 2 2 2 2 2 2 2 2 2 2 2 2 2 2 2 2 2 2 2 2 2 2 2 2 2 2 2 2 2 2 2 2 2 2 2 2 2 2 
1 1 1 1 1 1 1 1 1 1 1 1 1 1 1 1 1 1 1 1 1 1 1 1 1 1 1 1 1 1 1 1 1 1 1 1 1 1 1 1 1 1 1 1 1 1 1 1 1 1 1 1 1 1 1 1 1 1 1 1 
-3.000000000000001 4.000000000000001 5 5.000000000000001 4.000000000000001 5 
-3.000000000000001 4.000000000000001 5 -3 -4 4.999999999999999 
-3.000000000000001 4.000000000000001 5 -3.000000000000001 4.000000000000001 5 
-3.000000000000001 4.000000000000001 5 -3 4 -4.999999999999999 
5.000000000000001 4.000000000000001 5 5 -4 4.999999999999999 
5.000000000000001 4.000000000000001 5 5 4 4.999999999999999 
5.000000000000001 4.000000000000001 5 5 4 -4.999999999999999 
-3 -4 4.999999999999999 5 -4 4.999999999999999 
-3 -4 4.999999999999999 -3.000000000000001 -4.000000000000001 5 
-3 -4 4.999999999999999 -3 -4 -4.999999999999999 
5 -4 4.999999999999999 5 -4 5 
5 -4 4.999999999999999 5 -4 -4.999999999999999 
-3.000000000000001 4.000000000000001 5 -3.000000000000001 -4.000000000000001 5 
-3.000000000000001 4.000000000000001 5 -3 4 -4.999999999999999 
-3.000000000000001 4.000000000000001 5 2.5 4.000000000000001 5 
-3.000000000000001 -4.000000000000001 5 -0.9257575757575759 -4 4.999999999999999 
-3.000000000000001 -4.000000000000001 5 -3 -4 -4.999999999999999 
5 -4 5 -0.9257575757575759 -4 4.999999999999999 
5 -4 5 5 4 4.999999999999999 
5 -4 5 5 -4 -5 
-0.9257575757575759 -4 4.999999999999999 2.5 1.652499999999999 5 
-0.9257575757575759 -4 4.999999999999999 0.2499999999999992 -4 1.120000000000002 
5 4 4.999999999999999 5 4 3.945000000000002 
5 4 4.999999999999999 4.541304347826088 4 5 
-3 4 -4.999999999999999 5 4 -4.999999999999999 
-3 4 -4.999999999999999 -3 -4 -4.999999999999999 
-3 4 -4.999999999999999 -3 4 -4.999999999999999 
5 4 -4.999999999999999 5 -4 -4.999999999999999 
5 4 -4.999999999999999 5 4 -5 
-3 -4 -4.999999999999999 5 -4 -4.999999999999999 
-3 -4 -4.999999999999999 -3 -4 -4.999999999999999 
5 -4 -4.999999999999999 5 -4 -5 
-3 -4 -4.999999999999999 -3 4 -4.999999999999999 
-3 -4 -4.999999999999999 0.2499999999999992 -4 -5 
-3 4 -4.999999999999999 2.5 4.000000000000001 -5 
5 -4 -5 4.95769230769231 -4.000000000000001 -5 
5 -4 -5 5 -3.945000000000003 -5 
5 4 3.945000000000002 5 4 -5 
5 4 3.945000000000002 4.541304347826088 4 5 
5 4 3.945000000000002 5 3.000000000000002 1.945000000000005 
5 4 -5 2.5 4.000000000000001 -5 
5 4 -5 5 3.000000000000001 -5 
2.5 4.000000000000001 -5 2.5 4.000000000000001 5 
2.5 4.000000000000001 -5 2.5 0.5000000000000014 -5 
2.5 4.000000000000001 5 4.541304347826088 4 5 
2.5 4.000000000000001 5 2.5 1.652499999999999 5 
4.541304347826088 4 5 2.5 1.652499999999999 5 
2.5 1.652499999999999 5 2.5 0.5000000000000014 2.695000000000004 
0.2499999999999992 -4 1.120000000000002 0.2499999999999992 -4 -5 
0.2499999999999992 -4 1.120000000000002 4.95769230769231 -4.000000000000001 -5 
0.2499999999999992 -4 1.120000000000002 2.5 0.5000000000000014 2.695000000000004 
0.2499999999999992 -4 -5 4.95769230769231 -4.000000000000001 -5 
0.2499999999999992 -4 -5 2.5 0.5000000000000014 -5 
4.95769230769231 -4.000000000000001 -5 5 -3.945000000000003 -5 
2.5 0.5000000000000014 2.695000000000004 2.5 0.5000000000000014 -5 
2.5 0.5000000000000014 2.695000000000004 5 3.000000000000002 1.945000000000005 
2.5 0.5000000000000014 -5 5 3.000000000000001 -5 
5 -3.945000000000003 -5 5 3.000000000000002 1.945000000000005 
5 -3.945000000000003 -5 5 3.000000000000001 -5 
5 3.000000000000002 1.945000000000005 5 3.000000000000001 -5 
0.914955183238821 0.727988380563573 0.602933607568172 0.161639405271622 
0.124964032916143 0.0613709993049127 0.763648609767497 0.638060078531531 
0.446026233714665 0.576669265807823 0.231183765705094 0.424177180267613 
0.231841096684537 0.912507889175473 0.0640244961982681 0.973662186734252 
0.120278427581813 0.763245049746757 0.490371292986719 0.315175503333201 
0.538773407528328 0.86148412902962 0.502293552308085 0.576986111915311 
0.38796494684377 0.829668143820811 0.437489412353994 0.210747874943571 
0.414084380412351 0.627914715704108 0.549455780473917 0.290052623241699 
0.913249840964117 0.125729296035018 0.0750400028398523 0.538284115234156 
0.676587790449691 0.604290915592273 0.575117853161796 0.426000233171372 
0.0357448217673983 0.395239499804916 0.784092010452166 0.6387374383281 
0.633752775962979 0.0385333473485758 0.994726271276814 0.960550605063183 
0.0843762661647283 0.218841274445509 0.217343711900934 0.546186955435708 
0.0301366714407045 0.755562741900278 0.280567192740161 0.205583984285362 
0.62942837396972 0.280032569256434 0.431638294060331 0.629042061803979 
0.138904273904178 0.154491162969364 0.298111300433842 0.0112418891506465 
0.779116240570378 0.156338105656431 0.69270252455625 0.74916922509437 
0.327884958700754 0.469013033807855 0.285727391153696 0.395513360506207 
0.0538004167225701 0.354164534320262 0.694448601369952 0.838385755266906 
0.436501873238957 0.310801878349608 0.80848367971134 0.384050131306473 
0.203962340230706 0.603727346771194 0.900999581848463 0.56617919854876 
0.211040249681123 0.329195247481763 0.185701124825666 0.757995139997 
0.577317836781251 0.00953904338217626 0.341669104012322 0.0781750605654352 
0.863104690109186 0.415176863638933 0.217118395944507 0.353897874037493 
0.285953699694691 0.512299622238828 0.467446425551326 0.621789626212667 
0.539748090179234 0.253641579423274 0.51397341263711 0.53732909239212 
0.476130170861584 0.259632015817374 0.61210811839889 0.243668706347172 
0.123637679780462 0.18515530845356 0.379001700698037 0.480596538315233 
0.46139995762832 0.905956664930642 0.191898069275634 0.642927203874372 
0.317756471714137 0.276898649146389 0.973297121603107 0.915002316260619 
0.343952232898207 0.565900981895254 0.0247877490928481 0.694868454311212 
0.41152122190822 0.222209484632643 0.458175844458022 0.0993716692424229 
0.0195978782135207 0.130991017373134 0.0536490266064327 0.121776358402208 
0.473830817183245 0.189116404512319 0.906629742080295 0.849121955475844 
0.13857004208413 0.925974207840454 0.317242114211961 0.280537386866833 
0.9734418190851 0.0204813566508761 0.0416507053550923 0.603929685625751 
0.677321898328334 0.228973643137152 0.228741546271475 0.0612635998563817 
0.988200704800324 0.251846499720202 0.277652682505643 0.677092544491323 
0.26576130169153 0.00877585605013564 0.0935934028626484 0.446751886198435 
0.232045158669553 0.257806789687336 0.11641356241881 0.0259723834548637 
0.309869850508338 0.342905698383305 0.326817304340931 0.369528690007037 
0.102319580314731 0.463706395954077 0.68040433366647 0.110444232522887 
0.251411678673808 0.371743430467518 0.014437014605317 0.121393554736734 
0.829832787895715 0.966683605350582 0.054068263363316 0.665065443287624 
0.01444511168933 0.31679071356362 0.304543803458341 0.719788877258573 
0.600218707511903 0.0985654346861082 0.147558152501713 0.500718136637055 
0.802608134048885 0.0452937571116649 0.610567030950943 0.315987327036204 
0.207543652264508 0.43283973506 0.997635036904224 0.772767191541611 
0.931656427731244 0.898783435279455 0.762646729102823 0.942002447980208 
0.399736606995095 0.488909133636056 0.776877015434447 0.505315073745656 
0.308490554063756 0.019693749763519 0.0525732688889029 0.636292023058765 
0.580301747216016 0.919057721083405 0.295042199606765 0.544923865691878 
0.500916663723334 0.208071578295659 0.583579512882533 0.2627378442428 
0.941905233248367 0.277037955387001 0.445375091235658 0.532213921506717 
0.0816429321402872 0.419492210808187 0.458341166446058 0.143049592863726 
0.424811133083086 0.561911815230886 0.873841007265181 0.926037633374953 
0.0755217300705944 0.37564673771098 0.11686135285937 0.959654597961908 
0.116774139980823 0.606756798657315 0.130718483419255 0.592465858131582 
0.890805351602271 0.400668917233475 0.570485750277083 0.254299302703977 
0.840879563326201 0.039073925204903 0.701674900813369 0.979613615399096 
}
{ = VECT
6 12 1
2 2 2 2 2 2 
1 0 0 0 0 0 
1 0 0 0 0 0 
2 -1 0 0 0 0 
3.3 -2 1 0 0 0 
2 -1 0 1 0 0 
3.3 -2 1 1 0 0 
3.3 -2 1 2 -1 0 
0.0731909343614383 0.519120711284728 0.369114940904932 0.247002331447113 
}
