appearance {
 -face
 +edge
 +shadelines
 linewidth 4
}
LIST 
{ = VECT 
60 120 60
2 2 2 2 2 2 2 2 2 2 2 2 2 2 2 2 2 2 2 2 2 2 2 2 2 2 2 2 2 2 2 2 2 2 2 2 2 2 2 2 2 2 2 2 2 2 2 2 2 2 2 2 2 2 2 2 2 2 2 2 
1 1 1 1 1 1 1 1 1 1 1 1 1 1 1 1 1 1 1 1 1 1 1 1 1 1 1 1 1 1 1 1 1 1 1 1 1 1 1 1 1 1 1 1 1 1 1 1 1 1 1 1 1 1 1 1 1 1 1 1 
-9 9 9 9 9 9 
-9 9 9 -9 9 -9 
-9 9 9 -9 9 9 
-9 9 9 -9 -9 9 
9 9 9 9 9 -9 
9 9 9 9 -9 9 
9 9 9 9 9 9 
-9 9 -9 9 9 -9 
-9 9 -9 -9 9 -9 
-9 9 -9 -9 -9 -9 
9 9 -9 9 9 -9 
9 9 -9 9 -9 -9 
-9 9 9 -9 9 -9 
-9 9 9 0.5000000000000014 9.000000000000002 9.000000000000002 
-9 9 9 -9 -9 9 
-9 9 -9 0.5000000000000014 9.000000000000002 -9.000000000000002 
-9 9 -9 -9 -9 -9 
9 9 -9 0.5000000000000014 9.000000000000002 -9.000000000000002 
9 9 -9 9 9 4.744999999999998 
9 9 -9 9.000000000000002 7.000000000000005 -9.000000000000002 
0.5000000000000014 9.000000000000002 -9.000000000000002 0.5000000000000014 9.000000000000002 9.000000000000002 
0.5000000000000014 9.000000000000002 -9.000000000000002 0.5000000000000016 -1.499999999999995 -9.000000000000002 
0.5000000000000014 9.000000000000002 9.000000000000002 0.5000000000000014 1.352500000000003 9 
0.5000000000000014 9.000000000000002 9.000000000000002 7.15 9.000000000000002 9.000000000000002 
-9 -9 9 9 -9 9 
-9 -9 9 -9 -9 -9 
-9 -9 9 -9 -9 9 
9 -9 9 9 -9 -9 
9 -9 9 9 -9 9 
-9 -9 -9 9 -9 -9 
-9 -9 -9 -9 -9 -9 
9 -9 -9 9 -9 -9 
-9 -9 -9 -9 -9 9 
-9 -9 -9 -3.250000000000001 -9 -9 
-9 -9 9 -5.774242424242424 -9 9 
0.5000000000000014 1.352500000000003 9 -5.774242424242424 -9 9 
0.5000000000000014 1.352500000000003 9 7.15 9.000000000000002 9.000000000000002 
0.5000000000000014 1.352500000000003 9 0.5000000000000014 -1.499999999999995 3.295000000000004 
-5.774242424242424 -9 9 9 -9 9 
-5.774242424242424 -9 9 -3.250000000000002 -9.000000000000002 0.6700000000000024 
9 -9 9 9 9 9 
9 -9 9 9 -9 -9 
9 9 9 9 9 4.744999999999998 
9 9 9 7.15 9.000000000000002 9.000000000000002 
9 9 4.744999999999998 7.15 9.000000000000002 9.000000000000002 
9 9 4.744999999999998 9.000000000000002 7.000000000000004 0.7450000000000059 
9 -9 -9 4.18846153846154 -9 -9 
9 -9 -9 9 -2.745000000000002 -9 
0.5000000000000016 -1.499999999999995 -9.000000000000002 0.5000000000000014 -1.499999999999995 3.295000000000004 
0.5000000000000016 -1.499999999999995 -9.000000000000002 -3.250000000000001 -9 -9 
0.5000000000000016 -1.499999999999995 -9.000000000000002 9.000000000000002 7.000000000000005 -9.000000000000002 
0.5000000000000014 -1.499999999999995 3.295000000000004 -3.250000000000002 -9.000000000000002 0.6700000000000024 
0.5000000000000014 -1.499999999999995 3.295000000000004 9.000000000000002 7.000000000000004 0.7450000000000059 
-3.250000000000001 -9 -9 4.18846153846154 -9 -9 
-3.250000000000001 -9 -9 -3.250000000000002 -9.000000000000002 0.6700000000000024 
4.18846153846154 -9 -9 -3.250000000000002 -9.000000000000002 0.6700000000000024 
4.18846153846154 -9 -9 9 -2.745000000000002 -9 
9.000000000000002 7.000000000000005 -9.000000000000002 9 -2.745000000000002 -9 
9.000000000000002 7.000000000000005 -9.000000000000002 9.000000000000002 7.000000000000004 0.7450000000000059 
9 -2.745000000000002 -9 9.000000000000002 7.000000000000004 0.7450000000000059 
0.0320975627555562 0.851227267502935 0.61696486341874 0.268566067420529 
0.375194468430966 0.676687344894148 0.355786600519732 0.0611015425939385 
0.686642682171087 0.255120210874111 0.475483745818376 0.905613750675435 
0.195096692333198 0.706104744773043 0.790089243630515 0.998637823009737 
0.0725764282695458 0.455639942664703 0.0378829695459437 0.19160809840924 
0.10807503161222 0.92886172542471 0.762899079628962 0.212010973580753 
0.188316350730222 0.662623700975303 0.219195613499419 0.415725660413536 
0.158669026721146 0.377599711908559 0.861190537161573 0.758672976852885 
0.769872507317476 0.3500458885961 0.491535678293769 0.954796259265159 
0.681996468886343 0.702416476965581 0.404773230588912 0.473101761787994 
0.447696758781635 0.631262481852787 0.324968997143895 0.987152564653663 
0.162230903168723 0.767481723722895 0.726337618335602 0.63482911137384 
0.00586227158459351 0.740884811095526 0.338387999591827 0.373755096480757 
0.251346961420058 0.0366703457054172 0.565267331467364 0.368578593732558 
0.829419175715746 0.58986596478411 0.939839790968772 0.650959111809847 
0.180952128649938 0.48481614735779 0.0367965416357343 0.822930753055793 
0.646280137363878 0.0957346316224346 0.889077322982654 0.791203893243797 
0.898656358819 0.0221653707796889 0.494536050031083 0.026471859194622 
0.0967474187106383 0.00651275769541826 0.524673743321767 0.631069018809036 
0.26531376857405 0.451835936877629 0.61708709148456 0.20417157723238 
0.496800809611219 0.234704958061485 0.363860324665165 0.640556255924146 
0.560603449940704 0.793564871636406 0.218407160359586 0.251773980868528 
0.400523628427866 0.296849184753739 0.405318685990419 0.0131197845310354 
0.361799255489178 0.401752950713288 0.606787477373526 0.0122753959416784 
0.212551801781846 0.314469715642957 0.74347833156936 0.892881516966845 
0.584211221988841 0.681792158058087 0.79874702899016 0.976101622919906 
0.153188845489499 0.173875091115519 0.0374408455424309 0.923632344654699 
0.101664111067169 0.365888116762235 0.531843423523579 0.0353861496864667 
0.336837381447996 0.86509518801941 0.968472392462285 0.203634204191424 
0.901511357888712 0.248066212839987 0.814346120594134 0.962790028449056 
0.588655637736426 0.724353182831408 0.0670764866972426 0.160901917910373 
0.17106553136971 0.997776695144879 0.69991290307706 0.356593153100725 
0.894855191697847 0.289819718498592 0.193979306085236 0.825557826497466 
0.0609592219439783 0.172490597124565 0.0818557731843974 0.896325735860579 
0.058814028267907 0.746998151907292 0.518930137728869 0.469016293738584 
0.125833085395687 0.83190488861716 0.564277766820847 0.886997844522391 
0.218186798315688 0.487941321432601 0.0570398563222163 0.604169225976428 
0.603880583774657 0.219851828392208 0.886307492854169 0.235023924139249 
0.367451974262369 0.137601836521583 0.694450647899981 0.896407811354983 
0.764161776909805 0.824734050639407 0.950853516440755 0.195228289472361 
0.925843412743351 0.510969453763295 0.163450504399645 0.622229746429703 
0.524231330536356 0.755283481108208 0.240746018047016 0.455856637032149 
0.692371646579463 0.356250666398751 0.611716326927233 0.930345280221538 
0.420508719552448 0.775668741101427 0.292828472307175 0.387307688039748 
0.237648040822879 0.412197196723952 0.251189788117312 0.30960946829294 
0.799951417420761 0.532452260025977 0.944507403358127 0.570338136137046 
0.89648276014336 0.261791643339109 0.0691604164778532 0.348772091923969 
0.793974675230789 0.475624879703858 0.267463585791969 0.0407831361733813 
0.0457353073204594 0.69985009769718 0.737450678110587 0.0849507599666097 
0.234194306437377 0.726922296146526 0.459673372866828 0.0403736328970226 
0.278654205107305 0.84870310690485 0.665168143697468 0.980896773455449 
0.17445170579116 0.680854246995764 0.479584146116618 0.447020890879564 
0.419950206231594 0.0539679222290772 0.606310141143876 0.845537395552817 
0.0947131434765147 0.437353915334185 0.875233193000351 0.472977649501352 
0.065105228799414 0.671526535262331 0.355576606769187 0.817942231906535 
0.179818187972661 0.259681583068485 0.0862946317316151 0.665574389326075 
0.472927026867527 0.217175566199643 0.844067160435326 0.871775488998374 
0.289684923653528 0.127193129588576 0.47848431492886 0.722768258692632 
0.19211741844973 0.992015631180607 0.381108742503937 0.165459940561369 
0.367462441642022 0.10981053390573 0.507447956227107 0.144531271852422 
}
{ = VECT
6 12 1
2 2 2 2 2 2 
1 0 0 0 0 0 
1 0 0 0 0 0 
2 -1 0 0 0 0 
3.3 -2 1 0 0 0 
2 -1 0 1 0 0 
3.3 -2 1 1 0 0 
3.3 -2 1 2 -1 0 
0.760629705722923 0.219499378149436 0.879280463012787 0.962692494644109 
}
