appearance {
 -face
 +edge
 +shadelines
 linewidth 4
}
LIST 
{ = VECT 
66 132 66
2 2 2 2 2 2 2 2 2 2 2 2 2 2 2 2 2 2 2 2 2 2 2 2 2 2 2 2 2 2 2 2 2 2 2 2 2 2 2 2 2 2 2 2 2 2 2 2 2 2 2 2 2 2 2 2 2 2 2 2 2 2 2 2 2 2 
1 1 1 1 1 1 1 1 1 1 1 1 1 1 1 1 1 1 1 1 1 1 1 1 1 1 1 1 1 1 1 1 1 1 1 1 1 1 1 1 1 1 1 1 1 1 1 1 1 1 1 1 1 1 1 1 1 1 1 1 1 1 1 1 1 1 
0 -0.4525000000000008 -9.000000000000002 0 0.000749999999999639 0.06500000000000682 
0 -0.4525000000000008 -9.000000000000002 -1.046052534131353e-19 0.680625 -9 
0 -0.4525000000000008 -9.000000000000002 -8.547499999999999 -9 -9 
0 -0.4525000000000008 -9.000000000000002 8.547499999999999 -9 -9 
0 0.000749999999999639 0.06500000000000682 -0.5584374999999996 -0.1109375000000002 9 
0 0.000749999999999639 0.06500000000000682 0.5584374999999996 -0.1109375000000002 9 
0 0.000749999999999639 0.06500000000000682 -1.046052534131353e-19 0.680625 -9 
-0.5584374999999996 -0.1109375000000002 9 0.5584374999999996 -0.1109375000000002 9 
-0.5584374999999996 -0.1109375000000002 9 -9 -8.552500000000002 9 
-0.5584374999999996 -0.1109375000000002 9 -9 8.330625000000003 9 
0.5584374999999996 -0.1109375000000002 9 9 -8.552500000000002 9 
0.5584374999999996 -0.1109375000000002 9 9 8.330625000000003 9 
-1.046052534131353e-19 0.680625 -9 -8.319375000000001 9 -9 
-1.046052534131353e-19 0.680625 -9 8.319375000000001 9 -9 
-8.319375000000001 9 -9 8.319375000000001 9 -9 
-8.319375000000001 9 -9 -9 9 -9 
-8.319375000000001 9 -9 -9 9 0.075000000000002 
8.319375000000001 9 -9 9 9 -9 
8.319375000000001 9 -9 9 9 0.075000000000002 
-8.547499999999999 -9 -9 8.547499999999999 -9 -9 
-8.547499999999999 -9 -9 -9 -9 -9 
-8.547499999999999 -9 -9 -9.000000000000002 -9.000000000000002 0.05000000000001401 
8.547499999999999 -9 -9 9 -9 -9 
8.547499999999999 -9 -9 9.000000000000002 -9.000000000000002 0.05000000000001401 
-9 -9 -9 -9 -9 -9 
-9 -9 -9 -9 9 -9 
-9 -9 -9 -9.000000000000002 -9.000000000000002 0.05000000000001401 
-9 -9 -9 -9 9 -9 
-9 -9 -9 -9 -9 9 
-9 -9 -9 9 -9 -9 
-9 9 -9 -9 9 -9 
-9 9 -9 -9 9 0.075000000000002 
-9 9 -9 -9 9 9 
-9 9 -9 9 9 -9 
-9 -9 9 -9 9 9 
-9 -9 9 -9 -9 9 
-9 -9 9 9 -9 9 
-9 9 9 -9 9 9 
-9 9 9 9 9 9 
-9 -8.552500000000002 9 -9.000000000000002 -9.000000000000002 0.05000000000001401 
-9 -8.552500000000002 9 -9 -9 9 
-9 -8.552500000000002 9 -9 8.330625000000003 9 
-9.000000000000002 -9.000000000000002 0.05000000000001401 -9 -9 9 
-9 -9 9 9 -9 9 
-9 8.330625000000003 9 -9 9 0.075000000000002 
-9 8.330625000000003 9 -9 9 9 
-9 9 0.075000000000002 -9 9 9 
-9 9 9 9 9 9 
9 -9 -9 9 -9 -9 
9 -9 -9 9 9 -9 
9 -9 -9 9.000000000000002 -9.000000000000002 0.05000000000001401 
9 -9 -9 9 9 -9 
9 -9 -9 9 -9 9 
9 9 -9 9 9 -9 
9 9 -9 9 9 0.075000000000002 
9 9 -9 9 9 9 
9 -9 9 9 9 9 
9 -9 9 9 -9 9 
9 9 9 9 9 9 
9 -8.552500000000002 9 9.000000000000002 -9.000000000000002 0.05000000000001401 
9 -8.552500000000002 9 9 -9 9 
9 -8.552500000000002 9 9 8.330625000000003 9 
9.000000000000002 -9.000000000000002 0.05000000000001401 9 -9 9 
9 8.330625000000003 9 9 9 0.075000000000002 
9 8.330625000000003 9 9 9 9 
9 9 0.075000000000002 9 9 9 
0.614501093355106 0.840435112916992 0.675010629967925 0.594876439633431 
0.844017790758773 0.221075386027209 0.0897648228768411 0.96607100595164 
0.0701482326170755 0.386923652899668 0.07978740312846 0.671064092535268 
0.425573892455748 0.855386894976405 0.691026788976611 0.118282958719753 
0.137052744365807 0.744985203607058 0.538652084831892 0.727880853534778 
0.903372737413424 0.116750228732187 0.769859258587214 0.889462131755998 
0.0374862432219949 0.0518938317530342 0.537720822823854 0.673651526818084 
0.258332345088821 0.0679047737797447 0.361883205765306 0.548127707313306 
0.150502305016406 0.275711159366068 0.260083264691968 0.627645204981555 
0.575669688837213 0.959602904910852 0.801228618406608 0.673272079685567 
0.270348261690774 0.660843272635134 0.690735968748793 0.0167373433592743 
0.629940698973417 0.0225380679284086 0.289642656595898 0.330201262817575 
0.217207204023399 0.530227002398675 0.681519667759016 0.0893472631224839 
0.880348095728113 0.298290539658112 0.829364481184054 0.228485321413494 
0.886116139445082 0.410728828229765 0.755509848401498 0.79101753822912 
0.109135655614796 0.245893648470386 0.981345121732769 0.908436061872003 
0.840414064711016 0.18369122057058 0.0836304218568209 0.657915783801577 
0.0345203272230101 0.111599801015686 0.766836065467569 0.855068281876207 
0.982831525694255 0.979162797869321 0.375830573410934 0.627703426010818 
0.234496424953466 0.0816522233763095 0.043065561379759 0.322289939966474 
0.670341049066398 0.830200238172694 0.394985191465548 0.441630096044953 
0.628978941710688 0.0513448873378337 0.852666946117917 0.565105668924296 
0.878145643131095 0.682731447127082 0.42374958884589 0.617376353240424 
0.585135834068797 0.438379654983308 0.571718610809565 0.123907119295318 
0.663690377576021 0.216821046841545 0.292919541796447 0.809081504953902 
0.43439194592607 0.844506237313325 0.162700540453638 0.782462681879643 
0.233339864408922 0.0767808125657439 0.514417984555319 0.739157353253042 
0.819470049163886 0.526657125095099 0.476367670024384 0.830008200517561 
0.372372274843375 0.530419246635944 0.652850009897815 0.785902761004202 
0.825967292325704 0.577266212643664 0.34048561392731 0.297879348998798 
0.863198339399876 0.281826041642205 0.316638138539911 0.741597992435267 
0.295348160831669 0.433186397738339 0.123569637947806 0.912415408423435 
0.787221590987887 0.147438747269888 0.0530701327921967 0.217671845751688 
0.0648678647445031 0.83359800337756 0.568213055333072 0.608403243842609 
0.282513923234465 0.571740517768603 0.991161942354932 0.666698657883877 
0.134822882602283 0.629526429575222 0.951286541147962 0.581119341507126 
0.412488348825097 0.506789379501726 0.292058682644846 0.0153963239440671 
0.924658202333735 0.91106400590165 0.0472351715453918 0.0200668305521035 
0.290008655122367 0.00888102052959994 0.3387668585443 0.458460536470774 
0.846843612771682 0.763117577972324 0.945895307091913 0.863793475445782 
0.496883466828084 0.0159986666795646 0.125331358963432 0.0499845120389821 
0.401064211780255 0.586479923587476 0.507698751789089 0.142715688030613 
0.140450037954484 0.161305171055915 0.490141060105923 0.347377535314173 
0.8711531095115 0.328249656725703 0.126826931931301 0.735662670484764 
0.596960907870145 0.150784006442933 0.678867187828995 0.512109713128332 
0.493327117807002 0.154100840094699 0.516823151440601 0.655893863032155 
0.105744368686235 0.187237412554111 0.219608901988277 0.952274393656047 
0.656669029260161 0.0646300894422467 0.43336629281924 0.303631932729154 
0.898617503748714 0.158201512580689 0.246140878158155 0.803873768268836 
0.295432901954729 0.708985515330582 0.605354645360503 0.474692602156061 
0.475788369502116 0.821939775992632 0.214727974618238 0.290897236145817 
0.137631578395247 0.18120841057727 0.65814385475846 0.298581679341503 
0.972491705490544 0.0235277670451808 0.425792384996566 0.278676174218852 
0.885498479644998 0.898195154065704 0.481728300757279 0.694468712747856 
0.299860369761493 0.0521436809440843 0.883788989460168 0.140662817530291 
0.720798528187107 0.752913364128361 0.321850521980704 0.37973575764584 
0.889042509438131 0.611030732122657 0.806964929843627 0.395695017581438 
0.751595865524411 0.612482897205936 0.85346861958234 0.943338802706386 
0.419332288725659 0.513199021583773 0.533249746606241 0.440972708749861 
0.146968843033722 0.88795884998548 0.633706883857368 0.00500846813792322 
0.869089809117387 0.138786072759927 0.659342728008436 0.105385975353677 
0.742295577090108 0.341130285720666 0.625360200456296 0.0213556491971971 
0.59248366906613 0.894096787844489 0.997134434398031 0.678498674440938 
0.84011617197682 0.51337496793731 0.932218105341402 0.871236841401746 
0.895597422886571 0.397695139047272 0.334919672997 0.532405631882234 
0.780210526596495 0.162586947227268 0.49391967012647 0.955272946272167 
}
{ = VECT
6 12 1
2 2 2 2 2 2 
1 0 0 0 0 0 
2 0 0 -2 0 0 
0 -2 0.1 -2 0 0 
0 2 0.15 -2 0 0 
0 -2 0.1 2 0 0 
0 2 0.15 2 0 0 
0 2 0.15 0 -2 0.1 
0.762199011154198 0.885521471727543 0.05042951107934 0.446845491844648 
}
